320000080000700506000081070000008362000090000653100000030210000908007000010000039
000034001000700300010008092420000000703102804000000073830600020006009000900480000
008040062609000000030600900040960000200104006000082010005008030000000205360010700
100008602000100090000600470203000069000040000970000204069005000050002000702900008
000040300040975800800000004070020400000601000005090020600000009009362040007080000
000400900840000005061207008000103506000020000608705000500309160100000093009006000
000983560506000000000265000000000403408000901903000000000172000000000204087694000
040800201001003006080200004090002003000000000600400020200009030800300700705008040
000080500305270800040003000400000680800104005023000004000300070002041308001020000
006480000205010007000002600657100080000000000010005362003200000400060209000039400
940080002001002008302700005030048000000000000000230010800004609400900500600050021
007100090082009610400000000700008900000507000001300002000000008045800160020005700
093000600000501000000000000100400050000090300000000800421000000000730000500000000
000700000100000000000430200000000006000509000000000418000081000002000050040000300
000000012000000003002300400001800005060070800000009000008500000900040500470006000
000002750018090000000000000490000000030000008000700200000030009700000000500000080